1.000000000000000000e+00
4.176929999999998699e-01
3.599999999999999867e-01
3.900000000000000133e-01
4.200000000000000400e-01
4.000000000000000222e-01
5.200000000000000178e-01
3.951999999999999957e-01
3.600000000000000422e-01
4.600000000000000200e-01
2.999999999999999889e-01
5.097000000000000419e-01
4.600000000000000200e-01
3.399999999999999689e-01
3.299999999999999600e-01
3.500000000000000333e-01
4.299999999999999933e-01
3.399999999999999689e-01
3.900000000000000133e-01
3.599999999999999867e-01
3.599999999999999867e-01
3.300000000000000155e-01
3.499999999999999778e-01
3.199999999999999512e-01
3.860999999999999988e-01
3.199999999999999512e-01
3.499999999999999778e-01
3.599999999999999867e-01
3.499999999999999778e-01
4.000000000000000222e-01
3.000000000000000444e-01
3.400000000000000244e-01
3.400000000000000244e-01
2.800000000000000266e-01
3.399999999999999689e-01
4.253999999999998893e-01
4.200000000000000400e-01
3.200000000000000067e-01
3.400000000000000244e-01
3.399999999999999689e-01
4.299999999999999933e-01
3.300000000000000155e-01
3.864520000000000177e-01
3.400000000000000244e-01
3.699999999999999956e-01
4.456999999999999851e-01
4.623999999999998667e-01
4.100000000000000311e-01
4.158000000000000584e-01
4.000000000000000222e-01
3.599999999999999867e-01
3.999999999999999667e-01
4.000000000000000222e-01
3.453000000000001624e-01
3.800000000000000044e-01
4.299999999999999933e-01
3.400000000000000244e-01
3.200000000000000067e-01
3.600000000000000422e-01
3.499999999999999778e-01
3.599999999999999867e-01
3.013000000000000123e-01
4.200000000000000400e-01
3.373999999999998112e-01
2.999999999999999889e-01
3.200000000000000067e-01
3.300000000000000155e-01
4.000000000000000222e-01
3.200000000000000067e-01
3.800000000000000044e-01
2.700000000000000178e-01
3.200000000000000067e-01
4.500000000000000111e-01
3.900000000000000133e-01
4.400000000000000022e-01
4.600000000000000200e-01
3.799999999999999489e-01
3.899999999999999578e-01
2.774000000000000909e-01
2.800000000000000266e-01
2.800000000000000266e-01
2.600000000000000089e-01
3.200000000000000067e-01
2.700000000000000178e-01
2.999999999999999889e-01
3.099999999999999978e-01
3.200000000000000067e-01
2.899999999999999245e-01
3.200000000000000067e-01
3.800000000000000044e-01
3.599999999999999867e-01
3.699999999999999956e-01
2.999999999999999334e-01
3.799999999999999489e-01
3.873949999999997673e-01
3.540790000000000326e-01
3.699999999999999956e-01
3.014140000000000708e-01
3.300000000000000155e-01
3.000000000000000444e-01
3.400000000000000244e-01
4.200000000000000400e-01
3.200000000000000067e-01
3.090999999999999304e-01
3.552000000000001823e-01
3.699999999999999956e-01
3.800000000000000044e-01
3.599999999999999867e-01
4.599999999999999645e-01
4.299999999999999378e-01
3.399999999999999689e-01
3.046000000000000929e-01
3.000000000000000444e-01
3.782999999999999696e-01
2.999999999999999889e-01
3.200000000000000067e-01
3.699999999999999956e-01
3.400000000000000799e-01
3.400000000000000244e-01
3.399999999999999689e-01
3.099999999999999978e-01
2.999999999999999889e-01
3.800000000000000044e-01
3.400000000000000244e-01
2.800000000000000266e-01
4.129999999999998672e-01
3.600000000000000422e-01
3.699999999999999956e-01
3.599999999999999867e-01
3.094560000000000088e-01
4.100000000000000311e-01
3.499999999999999778e-01
2.999999999999999889e-01
2.600000000000000089e-01
2.700000000000000178e-01
2.800000000000000266e-01
2.700000000000000178e-01
2.633000000000000340e-01
3.399999999999999689e-01
4.000000000000000222e-01
3.300000000000000155e-01
2.699999999999999623e-01
3.300000000000000155e-01
3.499999999999999778e-01
3.800000000000000044e-01
3.800000000000000044e-01
3.299999999999999600e-01
3.750000000000002220e-01
3.599999999999999867e-01
3.699999999999999956e-01
3.300000000000000155e-01
3.399999999999999689e-01
3.099999999999999978e-01
3.200000000000000067e-01
3.632160400000000178e-01
4.348999999999999533e-01
2.857999999999999985e-01
3.699999999999999956e-01
4.400000000000000022e-01
3.599999999999999867e-01
3.852420000000000289e-01
4.299999999999999933e-01
2.999999999999999889e-01
3.800000000000000044e-01
3.599999999999999867e-01
4.200000000000000400e-01
3.499999999999999778e-01
3.152000000000000912e-01
3.099999999999999978e-01
3.000000000000000444e-01
3.599999999999999867e-01
3.200000000000000067e-01
3.599999999999999867e-01
3.999999999999999667e-01
3.299999999999999600e-01
3.399999999999999689e-01
3.599999999999999867e-01
3.100000000000000533e-01
3.400000000000000244e-01
2.837880000000000402e-01
3.200000000000000067e-01
2.999999999999999889e-01
3.218999999999999639e-01
2.800000000000000266e-01
3.800000000000000044e-01
3.900000000000000133e-01
3.002109999999997836e-01
2.899999999999999800e-01
3.999999999999999667e-01
3.701667699999999228e-01
3.256000000000000005e-01
3.599999999999999867e-01
3.699999999999999956e-01
3.399999999999999689e-01
3.599999999999999867e-01
3.999999999999999667e-01
3.200000000000000067e-01
3.099999999999999978e-01
3.400000000000000244e-01
3.999999999999999667e-01
3.300000000000000155e-01
2.939000000000000501e-01
3.459139839999998967e-01
3.299999999999999600e-01
3.699999999999999956e-01
3.599999999999999867e-01
3.200000000000000067e-01
3.800000000000000044e-01
3.400000000000000244e-01
4.399999999999999467e-01
3.400000000000000244e-01
3.200000000000000067e-01
3.615999999999999215e-01
4.099999999999999756e-01
3.699999999999999956e-01
3.800000000000000044e-01
2.800000000000000266e-01
4.000000000000000222e-01
3.399999999999999689e-01
3.434999999999998055e-01
3.234999999999998432e-01
3.200000000000000067e-01
2.900000000000000355e-01
3.200000000000000067e-01
3.000000000000000444e-01
3.400000000000000244e-01
3.199999999999999512e-01
3.800000000000000044e-01
3.900150000000003891e-01
2.899999999999999800e-01
3.000000000000000444e-01
3.400000000000000244e-01
3.200000000000000067e-01
3.250999999999998891e-01
3.400000000000000244e-01
3.400000000000000244e-01
3.200000000000000067e-01
3.100000000000000533e-01
2.700000000000000178e-01
3.362999999999999323e-01
3.200000000000000622e-01
3.099999999999999978e-01
2.999999999999999889e-01
3.974000000000003641e-01
3.068165240000000349e-01
4.000000000000000222e-01
3.700000000000000511e-01
3.200000000000000067e-01
3.300000000000000155e-01
3.300000000000000155e-01
3.699999999999999956e-01
2.999999999999999889e-01
3.200000000000000622e-01
3.300000000000000711e-01
4.006999999999998896e-01
4.900000000000000466e-01
3.399999999999999689e-01
3.200000000000000067e-01
3.480233999999999828e-01
3.800000000000000044e-01
3.699999999999999956e-01
4.600000000000000200e-01
3.099999999999999978e-01
3.200000000000000067e-01
4.000000000000000222e-01
4.899999999999999911e-01
3.800000000000000044e-01
4.200000000000000400e-01
3.099999999999999978e-01
3.199999999999999512e-01
3.499999999999999223e-01
4.599999999999999645e-01
3.000000000000000444e-01
3.599999999999999867e-01
4.000000000000000222e-01
3.283000000000000917e-01
2.600000000000000089e-01
3.500000000000000333e-01
3.600000000000000422e-01
3.200000000000000067e-01
3.599999999999999867e-01
2.800000000000000266e-01
4.200000000000000400e-01
3.599999999999999867e-01
3.800000000000000044e-01
3.494999999999998108e-01
4.600000000000000200e-01
3.900000000000000133e-01
3.200000000000000067e-01
3.125999999999999335e-01
3.699999999999999956e-01
3.200000000000000067e-01
3.900000000000000133e-01
3.094370000000001286e-01
3.800000000000000044e-01
2.800000000000000266e-01
3.299999999999999600e-01
3.699999999999999956e-01
5.094999999999997309e-01
3.300000000000000155e-01
3.599999999999999867e-01
3.100000000000000533e-01
3.212000000000000410e-01
3.400000000000000244e-01
3.400000000000000244e-01
3.499999999999999778e-01
3.300000000000000155e-01
3.200000000000000067e-01
3.363000000000000433e-01
3.366000000000000103e-01
3.999999999999999667e-01
4.043000000000002148e-01
2.999999999999999889e-01
3.699999999999999956e-01
4.000000000000000222e-01
2.999999999999999889e-01
3.699999999999999956e-01
3.000000000000000444e-01
3.942999999999999283e-01
3.800000000000000044e-01
3.800000000000000044e-01
3.800000000000000044e-01
3.399999999999999689e-01
3.800000000000000044e-01
3.200000000000000067e-01
3.999999999999999667e-01
4.872999999999999554e-01
3.599999999999999867e-01
3.458006122000000238e-01
3.300000000000000155e-01
3.200000000000000067e-01
4.300000000000000488e-01
3.600000000000000422e-01
2.999999999999999889e-01
2.699999999999999623e-01
2.792242320249999632e-01
3.281150000000000455e-01
3.500000000000000333e-01
2.800000000000000266e-01
4.100000000000000311e-01
3.199999999999999512e-01
2.999999999999999889e-01
2.600000000000000089e-01
4.199999999999999845e-01
3.599999999999999867e-01
3.099999999999999978e-01
2.999999999999999889e-01
2.900000000000000355e-01
2.399999999999999911e-01
2.399999999999999911e-01
2.700000000000000178e-01
3.200000000000000067e-01
4.600000000000000200e-01
4.000000000000000222e-01
3.800000000000000044e-01
2.999999999999999889e-01
2.999999999999999334e-01
2.800000000000000266e-01
3.599999999999999867e-01
3.599999999999999867e-01
4.000000000000000222e-01
3.000000000000000444e-01
3.599999999999999867e-01
2.799999999999999711e-01
3.200000000000000067e-01
3.200000000000000067e-01
3.800000000000000044e-01
3.000000000000000444e-01
3.334000000000001962e-01
3.629000000000000559e-01
3.244619999999998061e-01
3.700000000000000511e-01
4.299999999999999933e-01
3.399999999999999689e-01
3.999999999999999667e-01
4.000000000000000222e-01
4.200000000000000400e-01
3.000000000000000444e-01
3.800000000000000044e-01
3.200000000000000067e-01
3.936999999999997724e-01
3.000000000000000444e-01
3.499999999999999778e-01
3.162429999999997743e-01
3.500000000000000333e-01
3.900000000000000133e-01
3.199999999999999512e-01
3.977999999999999314e-01
3.838927464259999645e-01
3.699999999999999956e-01
3.699999999999999956e-01
3.800000000000000044e-01
3.399999999999999689e-01
4.000000000000000222e-01
3.000000000000000444e-01
4.000000000000000222e-01
3.200000000000000067e-01
2.899999999999999800e-01
3.500000000000000333e-01
3.200000000000000067e-01
2.900000000000000355e-01
3.000000000000000444e-01
3.400000000000000244e-01
3.599999999999999867e-01
3.699999999999999956e-01
3.399999999999999689e-01
4.200000000000000400e-01
2.999999999999999889e-01
3.600000000000000422e-01
3.200000000000000067e-01
3.009753800000002366e-01
4.100000000000000311e-01
3.399999999999999689e-01
3.968143958227199897e-01
3.599999999999999867e-01
3.399999999999999689e-01
3.900000000000000133e-01
3.599999999999999867e-01
4.000000000000000222e-01
5.200000000000000178e-01
3.399999999999999689e-01
3.599999999999999867e-01
3.999999999999999667e-01
3.599999999999999867e-01
3.800000000000000044e-01
2.899999999999999800e-01
3.200000000000000067e-01
3.300000000000000711e-01
3.200000000000000067e-01
4.000000000000000222e-01
3.800000000000000044e-01
3.999999999999999667e-01
4.799999999999999822e-01
3.900000000000000133e-01
4.400000000000000022e-01
3.400000000000000244e-01
3.767499999999999738e-01
3.200000000000000622e-01
3.700000000000000511e-01
3.699999999999999956e-01
3.500000000000000333e-01
3.754000000000000670e-01
2.600000000000000089e-01
4.000000000000000222e-01
4.400000000000000022e-01
3.100000000000000533e-01
3.325390000000000290e-01
2.999999999999999889e-01
3.400000000000000244e-01
3.200000000000000067e-01
3.999999999999999667e-01
3.399999999999999689e-01
2.799999999999999711e-01
3.299999999999999600e-01
3.199999999999999512e-01
3.599999999999999867e-01
3.000000000000000444e-01
3.400000000000000244e-01
3.299999999999999600e-01
3.599999999999999867e-01
3.599999999999999867e-01
3.499999999999999778e-01
3.099999999999999978e-01
3.699999999999999400e-01
3.199999999999999512e-01
3.000000000000000444e-01
3.099999999999999978e-01
3.200000000000000067e-01
4.299999999999999933e-01
4.000000000000000222e-01
3.299999999999999600e-01
3.499999999999999778e-01
3.599999999999999867e-01
3.488000000000000544e-01
3.999999999999999667e-01
3.200000000000000067e-01
3.599999999999999867e-01
3.300000000000000155e-01
3.200000000000000067e-01
3.399999999999999689e-01
3.999999999999999667e-01
3.549000000000001043e-01
3.600000000000000422e-01
3.793999999999999595e-01
4.161000000000000254e-01
3.599999999999999867e-01
3.499999999999999778e-01
5.200000000000000178e-01
3.499999999999999778e-01
3.399999999999999689e-01
3.251040000000002816e-01
3.203000000000000291e-01
3.099999999999999978e-01
2.999999999999999889e-01
3.853999999999999648e-01
3.600000000000000422e-01
3.400000000000000244e-01
3.400000000000000244e-01
3.300000000000000711e-01
2.899999999999999800e-01
4.070000000000001394e-01
3.200000000000000067e-01
3.800000000000000044e-01
4.199999999999999289e-01
5.299999999999999156e-01
3.599999999999999867e-01
3.502249999999996755e-01
3.499999999999999778e-01
3.299999999999999600e-01
3.800000000000000044e-01
3.900000000000000133e-01
3.200000000000000067e-01
2.600000000000000089e-01
3.499999999999999778e-01
3.901000000000000023e-01
3.597000000000001307e-01
3.300000000000000155e-01
3.600000000000000422e-01
3.500000000000000333e-01
3.599999999999999867e-01
3.332999999999999852e-01
3.699999999999999956e-01
4.199999999999999845e-01
2.800000000000000266e-01
3.000000000000000444e-01
2.899999999999999800e-01
3.699999999999999956e-01
4.280999999999999250e-01
2.999999999999999889e-01
3.800000000000000044e-01
4.126000000000002443e-01
3.600000000000000422e-01
3.200000000000000622e-01
4.199999999999999845e-01
3.699999999999999956e-01
3.799999999999999489e-01
3.600000000000000422e-01
2.578177799999999409e-01
3.400000000000000244e-01
4.199999999999999845e-01
4.000000000000000222e-01
4.100000000000000311e-01
3.717769999999997466e-01
3.099999999999999978e-01
3.800000000000000044e-01
3.599999999999999867e-01
5.329999999999999183e-01
4.199999999999999845e-01
4.399999999999999467e-01
3.999999999999999667e-01
3.400000000000000244e-01
4.400000000000000022e-01
3.200000000000000067e-01
3.699999999999999956e-01
3.299999999999999600e-01
3.099999999999999978e-01
3.099999999999999978e-01
3.499999999999999778e-01
3.000000000000000444e-01
3.399999999999999689e-01
3.737999999999999101e-01
3.399999999999999689e-01
4.799999999999999822e-01
4.280000000000000471e-01
3.399999999999999689e-01
4.200000000000000400e-01
3.599999999999999867e-01
3.167660000000003806e-01
3.299999999999999600e-01
3.399999999999999689e-01
3.499999999999999778e-01
3.099999999999999978e-01
3.319999999999999618e-01
4.700000000000000844e-01
4.100000000000000311e-01
3.400000000000000244e-01
3.838999999999997970e-01
3.099999999999999978e-01
4.281000000000001471e-01
2.600000000000000089e-01
3.699999999999999956e-01
4.400000000000000577e-01
4.600000000000000200e-01
3.151999999999998692e-01
4.400000000000000577e-01
3.300000000000000155e-01
3.200000000000000067e-01
2.600000000000000089e-01
3.299999999999999600e-01
3.753610521200001493e-01
3.431000000000001826e-01
3.099999999999999978e-01
3.599999999999999867e-01
3.391999999999999460e-01
3.300000000000000155e-01
3.200000000000000067e-01
4.500000000000000111e-01
2.999999999999999889e-01
3.183475866167438939e-01
4.000000000000000222e-01
3.100000000000000533e-01
3.771999999999999797e-01
3.699999999999999956e-01
3.399999999999999689e-01
3.099999999999999423e-01
3.599999999999999867e-01
3.499999999999999778e-01
3.400000000000000244e-01
3.499999999999999778e-01
3.200000000000000067e-01
2.800000000000000266e-01
2.900000000000000355e-01
2.999999999999999889e-01
3.499999999999999778e-01
4.000000000000000222e-01
3.999999999999999667e-01
3.400000000000000244e-01
3.236999999999999877e-01
3.599999999999999867e-01
3.376000000000000112e-01
3.215999999999998304e-01
2.999999999999999889e-01
3.299999999999999600e-01
2.800000000000000266e-01
2.700000000000000178e-01
3.200000000000000067e-01
3.699999999999999956e-01
3.500000000000000333e-01
2.600000000000000089e-01
3.200000000000000067e-01
3.699999999999999956e-01
2.800000000000000266e-01
3.099999999999999978e-01
3.599999999999999867e-01
3.300000000000000155e-01
3.628999999999998893e-01
3.200000000000000067e-01
4.600000000000000200e-01
3.800000000000000044e-01
3.800000000000000044e-01
3.200000000000000067e-01
2.864999999999999214e-01
3.699999999999999956e-01
3.699999999999999956e-01
3.999999999999999667e-01
3.674000000000001709e-01
3.600000000000000422e-01
3.699999999999999956e-01
4.200000000000000400e-01
3.400000000000000244e-01
3.680000000000000493e-01
3.599999999999999867e-01
3.499999999999999778e-01
2.768999999999999240e-01
3.221999999999999864e-01
3.500000000000000333e-01
2.900000000000000355e-01
3.397000000000000020e-01
4.000000000000000222e-01
2.784020000000000938e-01
2.600000000000000089e-01
3.480999999999999650e-01
2.999999999999999889e-01
3.500000000000000333e-01
3.599999999999999867e-01
3.500000000000000888e-01
3.699999999999999956e-01
2.800000000000000266e-01
3.599999999999999867e-01
3.066000000000000947e-01
4.000000000000000222e-01
3.499999999999999778e-01
3.399999999999999689e-01
4.000000000000000222e-01
3.499999999999999778e-01
3.800000000000000044e-01
3.500000000000000333e-01
3.599999999999999867e-01
4.199999999999999845e-01
3.599999999999999867e-01
4.100000000000000311e-01
3.300000000000000155e-01
3.000000000000000444e-01
3.400000000000000244e-01
2.999999999999999889e-01
3.999999999999999667e-01
2.800000000000000266e-01
3.200000000000000067e-01
3.199999999999999512e-01
3.019520000000000537e-01
3.499999999999999778e-01
3.699999999999999956e-01
3.000000000000000444e-01
3.800000000000000044e-01
4.400000000000000022e-01
4.000000000000000222e-01
2.899999999999999800e-01
3.699999999999999956e-01
4.000000000000000222e-01
3.099999999999999978e-01
2.900000000000000355e-01
5.000000000000000000e-01
3.499999999999999778e-01
3.300000000000000155e-01
4.200000000000000400e-01
3.337999999999999856e-01
3.599999999999999867e-01
3.200000000000000067e-01
3.251999999999999891e-01
3.400000000000000244e-01
3.299999999999999600e-01
2.799999999999999711e-01
3.300000000000000155e-01
3.800000000000000044e-01
3.399999999999999689e-01
3.800000000000000044e-01
3.400000000000000244e-01
3.119000000000001771e-01
3.384586256250000091e-01
3.900000000000000133e-01
4.499999999999999556e-01
3.299999999999999600e-01
3.200000000000000067e-01
4.100000000000000311e-01
3.400000000000000244e-01
3.413000000000000478e-01
3.299999999999999600e-01
3.400000000000000244e-01
3.088306520000000388e-01
3.399999999999999689e-01
3.599999999999999867e-01
4.400000000000000577e-01
3.229789999999999606e-01
4.200000000000000400e-01
3.399999999999999689e-01
2.800000000000000266e-01
3.000000000000000444e-01
3.399999999999999689e-01
4.899999999999999911e-01
2.900000000000000355e-01
2.799999999999999711e-01
2.900000000000000355e-01
3.399999999999999689e-01
3.099999999999999978e-01
3.500000000000000888e-01
4.200000000000000400e-01
3.138999999999999568e-01
3.200000000000000067e-01
3.599999999999999867e-01
3.399999999999999689e-01
2.555999999999999384e-01
3.800000000000000044e-01
3.499999999999999778e-01
4.200000000000000400e-01
3.375999999999997891e-01
3.199999999999999512e-01
3.200000000000000067e-01
4.000000000000000222e-01
4.299999999999999933e-01
3.699999999999999956e-01
2.800000000000000266e-01
4.500000000000000111e-01
3.200000000000000067e-01
2.900000000000000355e-01
4.394000000000002903e-01
3.200000000000000067e-01
4.100000000000000311e-01
3.500000000000000333e-01
3.400000000000000244e-01
3.800000000000000044e-01
4.100000000000000311e-01
3.883000000000003116e-01
4.400000000000000022e-01
3.599999999999999867e-01
3.200000000000000067e-01
2.899999999999999800e-01
3.500000000000000333e-01
2.955999999999998629e-01
4.000000000000000222e-01
3.800000000000000044e-01
3.499999999999999778e-01
3.599999999999999867e-01
3.506999999999999007e-01
4.808000000000001162e-01
4.499999999999999556e-01
3.800000000000000044e-01
4.400000000000000577e-01
3.399999999999999689e-01
3.200000000000000067e-01
3.499999999999999778e-01
3.000000000000000444e-01
3.499999999999999778e-01
4.375999999999999890e-01
4.200000000000000400e-01
4.100000000000000311e-01
3.399999999999999689e-01
3.699999999999999956e-01
3.800000000000000044e-01
3.499999999999999778e-01
2.884999999999999232e-01
3.600000000000000422e-01
2.999999999999999889e-01
4.000000000000000222e-01
2.700000000000000178e-01
3.800000000000000044e-01
3.400000000000000244e-01
4.400000000000000577e-01
3.600000000000000422e-01
4.400000000000000577e-01
4.000000000000000222e-01
4.500000000000000111e-01
3.456999999999996742e-01
3.399999999999999689e-01
4.000000000000000222e-01
3.620656079999997612e-01
3.574245480000002306e-01
3.399999999999999689e-01
2.675000000000000155e-01
3.200000000000000067e-01
3.999999999999999667e-01
4.799999999999999822e-01
3.629999999999998783e-01
2.700000000000000178e-01
4.000000000000000222e-01
3.399999999999999689e-01
3.200000000000000067e-01
4.500000000000000111e-01
3.800000000000000044e-01
2.999999999999999889e-01
3.800000000000000044e-01
3.000000000000000444e-01
2.799999999999999711e-01
4.199999999999999845e-01
4.199999999999999845e-01
2.899999999999999800e-01
2.899999999999999800e-01
3.299999999999999600e-01
3.300000000000000155e-01
2.600000000000000089e-01
3.599999999999999867e-01
3.600000000000000422e-01
3.200000000000000067e-01
4.000000000000000222e-01
4.000000000000000222e-01
3.000000000000000444e-01
3.499999999999999778e-01
2.800000000000000266e-01
3.200000000000000067e-01
3.400000000000000244e-01
3.199999999999999512e-01
4.200000000000000400e-01
3.346710999999997771e-01
3.599999999999999867e-01
4.100000000000000311e-01
3.299999999999999600e-01
2.900000000000000355e-01
2.899999999999999800e-01
2.500000000000000000e-01
3.099999999999999978e-01
3.599999999999999867e-01
4.293119999999999714e-01
3.000000000000000444e-01
3.500000000000000333e-01
3.800000000000000044e-01
3.599999999999999867e-01
4.099999999999999201e-01
3.400000000000000244e-01
3.499999999999999778e-01
4.962000000000002520e-01
3.300000000000000155e-01
3.900000000000000133e-01
3.200000000000000067e-01
3.999999999999999667e-01
2.900000000000000355e-01
3.000000000000000444e-01
3.599999999999999867e-01
3.699999999999999956e-01
3.200000000000000067e-01
4.899999999999999911e-01
3.291000000000001147e-01
3.599999999999999867e-01
3.000000000000000444e-01
3.200000000000000067e-01
3.499999999999999778e-01
3.099999999999999978e-01
2.999999999999999889e-01
3.128642725000001512e-01
3.099999999999999423e-01
4.199999999999999845e-01
3.200000000000000067e-01
3.200000000000000622e-01
3.200000000000000067e-01
3.400000000000000244e-01
3.499999999999999778e-01
3.492999999999999439e-01
3.499999999999999778e-01
3.599999999999999867e-01
3.400000000000000244e-01
3.499999999999999778e-01
3.599999999999999867e-01
3.400000000000000244e-01
3.400000000000000244e-01
3.499999999999999778e-01
3.299999999999999600e-01
4.600000000000000200e-01
3.200000000000000067e-01
3.600000000000000422e-01
3.499999999999999778e-01
3.300000000000000155e-01
3.300000000000000155e-01
2.600000000000000089e-01
3.800000000000000044e-01
3.499999999999999778e-01
4.020000000000001905e-01
4.000000000000000222e-01
2.900000000000000355e-01
4.099999999999999756e-01
3.399999999999999689e-01
3.399999999999999689e-01
3.900000000000000133e-01
3.300000000000000155e-01
2.900000000000000355e-01
3.900000000000000133e-01
2.800000000000000266e-01
3.300000000000000155e-01
3.099999999999999978e-01
3.800000000000000044e-01
3.200000000000000067e-01
3.255000000000002336e-01
3.400000000000000244e-01
3.418000000000001037e-01
3.120999999999999885e-01
3.300000000000000155e-01
3.199999999999999512e-01
4.000000000000000222e-01
3.400000000000000244e-01
3.699999999999999956e-01
2.700000000000000178e-01
3.500000000000000333e-01
3.260999999999999455e-01
3.300000000000000155e-01
2.399999999999999911e-01
2.900000000000000355e-01
2.900000000000000355e-01
3.158750000000000169e-01
3.303600000000000425e-01
3.299999999999999600e-01
3.499999999999999778e-01
3.599999999999999867e-01
4.199999999999999845e-01
4.199999999999999845e-01
3.427999999999998826e-01
4.000000000000000222e-01
3.731000000000001537e-01
3.300000000000000711e-01
3.200000000000000067e-01
3.399999999999999689e-01
3.599999999999999867e-01
3.700000000000000511e-01
2.999999999999999889e-01
2.899999999999999800e-01
3.041000000000000925e-01
3.699999999999999956e-01
3.099999999999999423e-01
3.400000000000000799e-01
3.599999999999999867e-01
3.000000000000000444e-01
3.000000000000000444e-01
3.800000000000000044e-01
4.000000000000000222e-01
4.600000000000000200e-01
2.600000000000000089e-01
2.900000000000000355e-01
3.400000000000000244e-01
3.800000000000000044e-01
3.600000000000000422e-01
3.800000000000000044e-01
3.699999999999999956e-01
2.950000000000000400e-01
3.950000000000000178e-01
3.800000000000000044e-01
2.699999999999999623e-01
4.899999999999999911e-01
3.399999999999999689e-01
3.200000000000000067e-01
3.399999999999999689e-01
4.000000000000000222e-01
4.000000000000000222e-01
3.099999999999999978e-01
4.099999999999999756e-01
2.800000000000000266e-01
3.400000000000000244e-01
4.299999999999999933e-01
3.200000000000000067e-01
3.399999999999999689e-01
3.357000000000002204e-01
4.303000000000001268e-01
3.400000000000000244e-01
3.900000000000000133e-01
4.000000000000000222e-01
